600 200 80 
420 150.361 60.4348 
720.401 126.634 102.964 
491.857 91.6218 69.5147 
675.493 116.622 102.502 
491.872 98.7102 67.3935 
837.382 60 25 
446.337 89.949 47.8631 
842.787 60 25 
478.41 83.0273 63.5464 
677.967 115.336 88.2832 
447.946 87.1095 54.4797 
694.884 60 25 
460.715 71.0613 58.3965 
595.602 89.9124 96.4232 
538.03 87.1191 77.6392 
611.317 87.0175 84.7508 
421.382 61.6287 66.382 
589.941 97.5149 66.6281 
491.394 82.5468 53.2142 
653.622 101.548 76.7498 
496.278 81.3578 59.6756 
690.071 103.236 61.5241 
523.58 80.05 44.8425 
677.651 102.415 90.9278 
476.992 72.0319 64.3784 
673.037 108.655 87.709 
439.478 77.9821 52.0642 
649.905 90.9484 65.8819 
475.092 69.9491 47.1461 
588.01 89.8116 71.4516 
500.529 78.5194 60.9631 
637.88 94.1353 89.1066 
463.857 73.0425 60.6938 
639.475 92.5148 76.7561 
500.247 82.0272 56.1649 
680.197 60 25 
475.663 75.1411 67.885 
632.159 92.789 57.8283 
471.406 70.8827 48.7245 
592.243 87.7012 56.0954 
494.607 74.5567 48.6384 
394.467 61.6893 43.4697 
541.372 75.2787 66.9144 
335.794 50.6488 50.9426 
491.227 66.4117 63.6962 
386.647 59.2042 46.2955 
497.351 73.7619 62.0943 
417.908 59.531 53.502 
439.442 65.8624 60.275 
473.967 74.1107 48.0152 
443.522 71.7203 49.9956 
393.341 47.644 46.9607 
474.775 65.7696 51.274 
452.85 59.2945 38.0602 
482.135 68.6365 45.3704 
466.449 67.4303 58.6731 
458.228 70.8566 60.3812 
403.533 65.0599 42.8365 
486.393 75.3983 62.1421 
442.934 61.3038 40.4008 
498.684 72.0414 48.0023 
412.615 72.2454 48.4524 
470.177 93.4453 57.9615 
503.003 78.8082 47.3301 
487.339 73.5572 47.7543 
484.924 79.0035 41.4343 
504.855 83.2088 45.1218 
432.526 68.5941 57.9228 
456.995 73.6135 60.5808 
481.414 80.0758 56.5068 
515.204 80.7007 65.3802 
401.596 68.5864 57.246 
492.462 86.5856 71.4437 
423.817 74.0505 37.9818 
576.965 98.3448 52.4989 
458.809 81.6229 44.2822 
505.178 82.801 50.6312 
441.177 91.311 37.2728 
479.143 92.741 41.9018 
388.419 115.188 39.9654 
463.859 148.211 59.597 
420 147.755 70.0477 
450 151.996 73.6055 
430.264 72.5487 60.1607 
374.275 192.391 75.7906 
514.276 86.1034 69.0221 
401.135 87.1161 73.1045 
449.342 80.7985 54.1237 
428.68 115.822 79.0573 
531.463 82.5044 56.8978 
544.319 85.3665 57.6522 
520.811 85.8123 53.6659 
544.126 84.6598 50.5966 
589.442 92.1785 73.3978 
423.053 94.4089 70.6568 
485.571 71.838 65.5931 
528.316 82.1371 61.8689 
495.485 72.3041 65.3236 
504.073 85.1992 67.2877 
432.924 70.2634 57.0103 
494.501 79.4842 61.73 
444.009 60.207 47.4447 
464.317 70.5864 53.6852 
457.198 68.9743 47.7426 
495.46 78.7806 51.1235 
470.607 64.2056 57.8094 
450.612 70.4134 56.9525 
454.646 73.4547 57.5961 
444.985 66.8338 56.572 
496.78 66.3849 51.0059 
480.171 66.4792 49.6968 
431.104 56.0086 42.0885 
534.258 69.0204 51.5018 
462.672 65.6962 60.3 
534.711 77.5216 70.5756 
465.144 60.4749 63.8705 
447.478 66.1776 59.0997 
454.037 72.5957 61.5881 
475.01 70.4909 65.3339 
494.397 65.238 59.7277 
480.527 64.4885 62.2285 
500.022 69.4846 64.4274 
513.609 74.9478 66.3047 
516.253 70.4051 64.4461 
516.946 79.2258 70.7982 
537.559 71.8964 66.697 
554.697 77.9785 69.1385 
489.753 69.0244 57.1743 
524.88 77.9999 64.6228 
524.696 65.729 53.7889 
563.669 78.0235 64.0222 
371.344 87.2973 56.2402 
519.104 74.5529 55.6312 
482.574 72.9223 63.7232 
408.654 66.7257 50.3578 
492.233 74.8672 63.433 
465.605 64.4624 64.7402 
443.034 65.8706 49.6377 
507.56 71.5214 60.6784 
433.892 58.8155 50.6663 
498.995 72.3217 57.2521 
510.164 77.0495 67.7362 
534.165 74.3849 78.9359 
425.47 64.248 57.7034 
513.244 77.5653 67.8946 
462.896 71.1124 52.3827 
526.27 75.6567 62.5241 
509.513 78.7547 53.1067 
526.256 84.0201 60.9684 
494.098 77.5622 57.8554 
496.899 75.1543 65.0966 
466.688 74.8207 58.1123 
545.605 87.274 71.7926 
510.247 84.6787 77.1862 
519.772 83.9487 78.1527 
459.386 78.981 69.918 
482.391 90.2941 51.8212 
541.567 96.8095 68.0074 
360.544 66.5057 47.5994 
498.784 92.5376 54.1518 
483.415 88.8059 49.6714 
477.338 155.509 52.7089 
449.49 140.737 52.2262 

